BoneCount: 73
RootBone: 0
BoneName: RootNode
BoneIndex: 0
BoneParentIndex: -1
BoneChildCount: 2
1
70
1.000000 0.000000 -0.000000 0.000000
0.000000 1.000000 -0.000000 0.000000
-0.000000 -0.000000 1.000000 -0.000000
0.000000 0.000000 -0.000000 1.000000
1.000000 0.000000 0.000000 0.000000
0.000000 1.000000 0.000000 0.000000
0.000000 0.000000 1.000000 0.000000
0.000000 0.000000 0.000000 1.000000
BoneName: mixamorig:Hips
BoneIndex: 1
BoneParentIndex: 0
BoneChildCount: 3
2
60
65
1.000000 0.000087 -0.000003 0.000000
-0.000087 1.000000 -0.000000 0.000000
0.000003 0.000000 1.000000 -0.000000
0.000000 0.963687 0.000357 1.000000
1.000000 -0.000088 0.000003 0.000000
0.000088 1.000000 0.000000 0.000000
-0.000003 -0.000000 1.000000 -0.000000
-0.000085 -0.963687 -0.000357 1.000000
BoneName: mixamorig:Spine
BoneIndex: 2
BoneParentIndex: 1
BoneChildCount: 1
3
1.000000 -0.000088 -0.000000 0.000000
0.000088 0.999948 0.010188 0.000000
-0.000000 -0.010188 0.999948 -0.000000
0.000008 0.092263 -0.015771 1.000000
1.000000 -0.000000 0.000003 0.000000
0.000000 0.999948 -0.010188 0.000000
-0.000003 0.010188 0.999948 -0.000000
-0.000000 -1.055738 0.026171 1.000000
BoneName: mixamorig:Spine1
BoneIndex: 3
BoneParentIndex: 2
BoneChildCount: 1
4
1.000000 0.000000 0.000000 0.000000
-0.000000 0.996451 0.084177 0.000000
0.000000 -0.084177 0.996451 -0.000000
0.000000 0.162548 0.000000 1.000000
1.000000 0.000000 0.000003 0.000000
0.000000 0.995542 -0.094324 0.000000
-0.000003 0.094324 0.995542 -0.000000
-0.000001 -1.211759 0.128629 1.000000
BoneName: mixamorig:Spine2
BoneIndex: 4
BoneParentIndex: 3
BoneChildCount: 3
5
12
36
1.000000 0.000001 0.000000 0.000000
-0.000001 0.978120 0.208039 0.000000
0.000000 -0.208039 0.978120 -0.000000
-0.000000 0.137007 0.000000 1.000000
1.000000 0.000000 0.000003 0.000000
0.000001 0.954137 -0.299372 0.000000
-0.000003 0.299372 0.954137 -0.000000
-0.000001 -1.292496 0.406411 1.000000
BoneName: mixamorig:Neck
BoneIndex: 5
BoneParentIndex: 4
BoneChildCount: 1
6
1.000000 0.000000 0.000003 0.000000
0.000001 0.954137 -0.299372 0.000000
-0.000003 0.299372 0.954137 -0.000000
-0.000000 0.145445 -0.000000 1.000000
1.000000 0.000000 0.000000 0.000000
-0.000000 1.000000 -0.000000 0.000000
-0.000000 0.000000 1.000000 -0.000000
-0.000000 -1.493659 -0.042707 1.000000
BoneName: mixamorig:Neck1
BoneIndex: 6
BoneParentIndex: 5
BoneChildCount: 1
7
1.000000 0.000000 -0.000000 0.000000
0.000000 1.000000 -0.000000 0.000000
-0.000000 -0.000000 1.000000 -0.000000
0.000000 0.043400 -0.009269 1.000000
1.000000 0.000000 0.000000 0.000000
-0.000000 1.000000 -0.000000 0.000000
-0.000000 0.000000 1.000000 -0.000000
-0.000000 -1.537059 -0.033438 1.000000
BoneName: mixamorig:Head
BoneIndex: 7
BoneParentIndex: 6
BoneChildCount: 4
8
9
10
11
1.000000 0.000000 -0.000000 0.000000
0.000000 1.000000 -0.000000 0.000000
-0.000000 -0.000000 1.000000 -0.000000
0.000000 0.040266 -0.008585 1.000000
1.000000 0.000000 0.000000 0.000000
-0.000000 1.000000 -0.000000 0.000000
-0.000000 0.000000 1.000000 -0.000000
-0.000000 -1.577326 -0.024853 1.000000
BoneName: mixamorig:HeadTop_End
BoneIndex: 8
BoneParentIndex: 7
BoneChildCount: 0
1.000000 0.000000 -0.000000 0.000000
0.000000 1.000000 -0.000000 0.000000
-0.000000 -0.000000 1.000000 -0.000000
0.000000 0.217488 -0.000000 1.000000
1.000000 0.000000 0.000000 0.000000
0.000000 1.000000 0.000000 0.000000
0.000000 0.000000 1.000000 0.000000
0.000000 0.000000 0.000000 1.000000
BoneName: mixamorig:LeftEye
BoneIndex: 9
BoneParentIndex: 7
BoneChildCount: 0
1.000000 0.000000 -0.000000 0.000000
0.000000 1.000000 -0.000000 0.000000
-0.000000 -0.000000 1.000000 -0.000000
0.030057 0.072618 -0.079556 1.000000
1.000000 0.000000 0.000000 0.000000
-0.000000 1.000000 -0.000000 0.000000
-0.000000 0.000000 1.000000 -0.000000
-0.030057 -1.649943 0.054703 1.000000
BoneName: mixamorig:RightEye
BoneIndex: 10
BoneParentIndex: 7
BoneChildCount: 0
1.000000 0.000000 -0.000000 0.000000
0.000000 1.000000 -0.000000 0.000000
-0.000000 -0.000000 1.000000 -0.000000
-0.030057 0.072618 -0.079556 1.000000
1.000000 0.000000 0.000000 0.000000
-0.000000 1.000000 -0.000000 0.000000
-0.000000 0.000000 1.000000 -0.000000
0.030057 -1.649943 0.054703 1.000000
BoneName: mixamorig:Jaw
BoneIndex: 11
BoneParentIndex: 7
BoneChildCount: 0
1.000000 0.000000 -0.000000 0.000000
0.000000 1.000000 -0.000000 0.000000
-0.000000 -0.000000 1.000000 -0.000000
0.000000 0.020303 -0.024562 1.000000
1.000000 0.000000 0.000000 0.000000
-0.000000 1.000000 -0.000000 0.000000
-0.000000 0.000000 1.000000 -0.000000
-0.000000 -1.597628 -0.000291 1.000000
BoneName: mixamorig:LeftShoulder
BoneIndex: 12
BoneParentIndex: 4
BoneChildCount: 1
13
-0.142917 0.308593 0.940396 0.000000
0.985636 -0.042007 0.163577 0.000000
0.089981 0.950266 -0.298157 -0.000000
0.061442 0.108554 0.005696 1.000000
-0.142914 0.985636 0.089980 0.000000
0.012912 -0.089049 0.995944 0.000000
0.989651 0.143496 -0.000000 -0.000000
-0.046741 0.063840 -1.456375 1.000000
BoneName: mixamorig:LeftArm
BoneIndex: 13
BoneParentIndex: 12
BoneChildCount: 1
14
0.989651 0.143496 -0.000000 0.000000
-0.142914 0.985636 0.089980 0.000000
0.012912 -0.089049 0.995944 -0.000000
0.000000 0.124986 0.000000 1.000000
0.000000 1.000000 0.000000 0.000000
-0.000000 -0.000000 1.000000 0.000000
1.000000 -0.000000 -0.000000 -0.000000
-0.055032 -0.184633 -1.445626 1.000000
BoneName: mixamorig:LeftForeArm
BoneIndex: 14
BoneParentIndex: 13
BoneChildCount: 1
15
1.000000 0.000000 -0.000000 0.000000
0.000000 1.000000 -0.000000 0.000000
-0.000000 -0.000000 1.000000 -0.000000
-0.000000 0.276870 0.000000 1.000000
0.000000 1.000000 0.000000 0.000000
-0.000000 -0.000000 1.000000 0.000000
1.000000 -0.000000 -0.000000 -0.000000
-0.055032 -0.461503 -1.445626 1.000000
BoneName: mixamorig:LeftHand
BoneIndex: 15
BoneParentIndex: 14
BoneChildCount: 5
16
20
24
28
32
1.000000 0.000000 -0.000000 0.000000
0.000000 1.000000 -0.000000 0.000000
-0.000000 -0.000000 1.000000 -0.000000
-0.000000 0.278738 -0.000000 1.000000
0.000000 1.000000 0.000000 0.000000
-0.000000 -0.000000 1.000000 0.000000
1.000000 -0.000000 -0.000000 -0.000000
-0.055032 -0.740241 -1.445626 1.000000
BoneName: mixamorig:LeftHandThumb1
BoneIndex: 16
BoneParentIndex: 15
BoneChildCount: 1
17
0.894426 0.387300 -0.223607 0.000000
-0.447215 0.774596 -0.447213 0.000000
-0.000000 0.500000 0.866026 -0.000000
-0.023924 0.024210 -0.013955 1.000000
0.387300 0.774596 0.500000 0.000000
-0.223607 -0.447213 0.866026 0.000000
0.894426 -0.447215 0.000000 -0.000000
-0.003764 0.062033 -1.622088 1.000000
BoneName: mixamorig:LeftHandThumb2
BoneIndex: 17
BoneParentIndex: 16
BoneChildCount: 1
18
1.000000 0.000000 -0.000000 0.000000
0.000000 1.000000 -0.000000 0.000000
-0.000000 -0.000000 1.000000 -0.000000
-0.000000 0.045140 0.000000 1.000000
0.387300 0.774596 0.500000 0.000000
-0.223607 -0.447213 0.866026 0.000000
0.894426 -0.447215 0.000000 -0.000000
-0.003764 0.016893 -1.622088 1.000000
BoneName: mixamorig:LeftHandThumb3
BoneIndex: 18
BoneParentIndex: 17
BoneChildCount: 1
19
1.000000 0.000000 -0.000000 0.000000
0.000000 1.000000 -0.000000 0.000000
-0.000000 -0.000000 1.000000 -0.000000
0.000000 0.051787 0.000000 1.000000
0.387300 0.774596 0.500000 0.000000
-0.223607 -0.447213 0.866026 0.000000
0.894426 -0.447215 0.000000 -0.000000
-0.003764 -0.034894 -1.622088 1.000000
BoneName: mixamorig:LeftHandThumb4
BoneIndex: 19
BoneParentIndex: 18
BoneChildCount: 0
0.958042 0.144919 0.247295 0.000000
-0.140319 0.989444 -0.036222 0.000000
-0.249934 0.000002 0.968263 -0.000000
0.000000 0.027056 -0.000000 1.000000
1.000000 0.000000 0.000000 0.000000
0.000000 1.000000 0.000000 0.000000
0.000000 0.000000 1.000000 0.000000
0.000000 0.000000 0.000000 1.000000
BoneName: mixamorig:LeftHandIndex1
BoneIndex: 20
BoneParentIndex: 15
BoneChildCount: 1
21
1.000000 0.000000 -0.000000 0.000000
0.000000 1.000000 -0.000000 0.000000
-0.000000 -0.000000 1.000000 -0.000000
-0.022648 0.105148 -0.002314 1.000000
0.000000 1.000000 0.000000 0.000000
-0.000000 -0.000000 1.000000 0.000000
1.000000 -0.000000 -0.000000 -0.000000
-0.032383 -0.845389 -1.443312 1.000000
BoneName: mixamorig:LeftHandIndex2
BoneIndex: 21
BoneParentIndex: 20
BoneChildCount: 1
22
1.000000 0.000000 -0.000000 0.000000
0.000000 1.000000 -0.000000 0.000000
-0.000000 -0.000000 1.000000 -0.000000
-0.000000 0.055493 0.000000 1.000000
0.000000 1.000000 0.000000 0.000000
-0.000000 -0.000000 1.000000 0.000000
1.000000 -0.000000 -0.000000 -0.000000
-0.032383 -0.900882 -1.443312 1.000000
BoneName: mixamorig:LeftHandIndex3
BoneIndex: 22
BoneParentIndex: 21
BoneChildCount: 1
23
1.000000 0.000000 -0.000000 0.000000
0.000000 1.000000 -0.000000 0.000000
-0.000000 -0.000000 1.000000 -0.000000
-0.000000 0.033911 0.000000 1.000000
0.000000 1.000000 0.000000 0.000000
-0.000000 -0.000000 1.000000 0.000000
1.000000 -0.000000 -0.000000 -0.000000
-0.032383 -0.934793 -1.443312 1.000000
BoneName: mixamorig:LeftHandIndex4
BoneIndex: 23
BoneParentIndex: 22
BoneChildCount: 0
0.999968 0.000043 0.008003 0.000000
-0.000043 1.000000 -0.000002 0.000000
-0.008003 0.000002 0.999968 -0.000000
-0.000000 0.023343 -0.000000 1.000000
1.000000 0.000000 0.000000 0.000000
0.000000 1.000000 0.000000 0.000000
0.000000 0.000000 1.000000 0.000000
0.000000 0.000000 0.000000 1.000000
BoneName: mixamorig:LeftHandMiddle1
BoneIndex: 24
BoneParentIndex: 15
BoneChildCount: 1
25
1.000000 0.000000 -0.000000 0.000000
0.000000 1.000000 -0.000000 0.000000
-0.000000 -0.000000 1.000000 -0.000000
-0.000000 0.104908 0.000000 1.000000
0.000000 1.000000 0.000000 0.000000
-0.000000 -0.000000 1.000000 0.000000
1.000000 -0.000000 -0.000000 -0.000000
-0.055032 -0.845149 -1.445626 1.000000
BoneName: mixamorig:LeftHandMiddle2
BoneIndex: 25
BoneParentIndex: 24
BoneChildCount: 1
26
1.000000 0.000000 -0.000000 0.000000
0.000000 1.000000 -0.000000 0.000000
-0.000000 -0.000000 1.000000 -0.000000
-0.000000 0.057921 0.000000 1.000000
0.000000 1.000000 0.000000 0.000000
-0.000000 -0.000000 1.000000 0.000000
1.000000 -0.000000 -0.000000 -0.000000
-0.055032 -0.903070 -1.445626 1.000000
BoneName: mixamorig:LeftHandMiddle3
BoneIndex: 26
BoneParentIndex: 25
BoneChildCount: 1
27
1.000000 0.000000 -0.000000 0.000000
0.000000 1.000000 -0.000000 0.000000
-0.000000 -0.000000 1.000000 -0.000000
-0.000000 0.037132 -0.000000 1.000000
0.000000 1.000000 0.000000 0.000000
-0.000000 -0.000000 1.000000 0.000000
1.000000 -0.000000 -0.000000 -0.000000
-0.055032 -0.940202 -1.445625 1.000000
BoneName: mixamorig:LeftHandMiddle4
BoneIndex: 27
BoneParentIndex: 26
BoneChildCount: 0
0.999957 -0.001308 0.009159 0.000000
0.001308 0.999999 0.000009 0.000000
-0.009159 0.000003 0.999958 -0.000000
-0.000000 0.027520 -0.000000 1.000000
1.000000 0.000000 0.000000 0.000000
0.000000 1.000000 0.000000 0.000000
0.000000 0.000000 1.000000 0.000000
0.000000 0.000000 0.000000 1.000000
BoneName: mixamorig:LeftHandRing1
BoneIndex: 28
BoneParentIndex: 15
BoneChildCount: 1
29
1.000000 0.000124 -0.000000 0.000000
-0.000124 1.000000 -0.000003 0.000000
-0.000000 0.000003 1.000000 -0.000000
0.023141 0.102407 -0.000460 1.000000
0.000124 1.000000 0.000003 0.000000
-0.000000 -0.000003 1.000000 0.000000
1.000000 -0.000124 -0.000000 -0.000000
-0.078278 -0.842634 -1.445168 1.000000
BoneName: mixamorig:LeftHandRing2
BoneIndex: 29
BoneParentIndex: 28
BoneChildCount: 1
30
1.000000 -0.000306 -0.000000 0.000000
0.000306 1.000000 0.000008 0.000000
-0.000000 -0.000008 1.000000 -0.000000
-0.000000 0.054452 -0.000000 1.000000
-0.000181 1.000000 -0.000005 0.000000
0.000000 0.000005 1.000000 0.000000
1.000000 0.000181 -0.000000 -0.000000
-0.078004 -0.897121 -1.445161 1.000000
BoneName: mixamorig:LeftHandRing3
BoneIndex: 30
BoneParentIndex: 29
BoneChildCount: 1
31
1.000000 0.000161 -0.000000 0.000000
-0.000161 1.000000 -0.000005 0.000000
-0.000000 0.000005 1.000000 -0.000000
0.000000 0.037132 0.000000 1.000000
-0.000020 1.000000 0.000001 0.000000
0.000000 -0.000001 1.000000 0.000000
1.000000 0.000020 -0.000000 -0.000000
-0.078154 -0.934233 -1.445166 1.000000
BoneName: mixamorig:LeftHandRing4
BoneIndex: 31
BoneParentIndex: 30
BoneChildCount: 0
0.999889 0.001556 0.014793 0.000000
-0.001555 0.999999 -0.000023 0.000000
-0.014793 0.000000 0.999891 -0.000000
-0.000000 0.022807 0.000000 1.000000
1.000000 0.000000 0.000000 0.000000
0.000000 1.000000 0.000000 0.000000
0.000000 0.000000 1.000000 0.000000
0.000000 0.000000 0.000000 1.000000
BoneName: mixamorig:LeftHandPinky1
BoneIndex: 32
BoneParentIndex: 15
BoneChildCount: 1
33
1.000000 0.000000 -0.000000 0.000000
0.000000 1.000000 -0.000000 0.000000
-0.000000 -0.000000 1.000000 -0.000000
0.044185 0.098203 -0.002097 1.000000
0.000000 1.000000 0.000000 0.000000
-0.000000 -0.000000 1.000000 0.000000
1.000000 -0.000000 -0.000000 -0.000000
-0.099217 -0.838444 -1.443528 1.000000
BoneName: mixamorig:LeftHandPinky2
BoneIndex: 33
BoneParentIndex: 32
BoneChildCount: 1
34
1.000000 0.000000 -0.000000 0.000000
0.000000 1.000000 -0.000000 0.000000
-0.000000 -0.000000 1.000000 -0.000000
-0.000000 0.036763 0.000000 1.000000
0.000000 1.000000 0.000000 0.000000
-0.000000 -0.000000 1.000000 0.000000
1.000000 -0.000000 -0.000000 -0.000000
-0.099217 -0.875207 -1.443528 1.000000
BoneName: mixamorig:LeftHandPinky3
BoneIndex: 34
BoneParentIndex: 33
BoneChildCount: 1
35
1.000000 0.000000 -0.000000 0.000000
0.000000 1.000000 -0.000000 0.000000
-0.000000 -0.000000 1.000000 -0.000000
-0.000000 0.028113 0.000000 1.000000
0.000000 1.000000 0.000000 0.000000
-0.000000 -0.000000 1.000000 0.000000
1.000000 -0.000000 -0.000000 -0.000000
-0.099217 -0.903320 -1.443528 1.000000
BoneName: mixamorig:LeftHandPinky4
BoneIndex: 35
BoneParentIndex: 34
BoneChildCount: 0
0.999966 -0.001144 0.008200 0.000000
0.001144 0.999999 0.000007 0.000000
-0.008200 0.000003 0.999966 -0.000000
-0.000000 0.016595 -0.000000 1.000000
1.000000 0.000000 0.000000 0.000000
0.000000 1.000000 0.000000 0.000000
0.000000 0.000000 1.000000 0.000000
0.000000 0.000000 0.000000 1.000000
BoneName: mixamorig:RightShoulder
BoneIndex: 36
BoneParentIndex: 4
BoneChildCount: 1
37
-0.142866 -0.308587 -0.940406 0.000000
-0.985646 -0.041994 0.163519 0.000000
-0.089951 0.950269 -0.298158 -0.000000
-0.061402 0.108554 0.005695 1.000000
-0.142869 -0.985645 -0.089953 0.000000
-0.012904 -0.089022 0.995946 0.000000
-0.989658 0.143450 0.000000 -0.000000
0.046738 0.063842 -1.456373 1.000000
BoneName: mixamorig:RightArm
BoneIndex: 37
BoneParentIndex: 36
BoneChildCount: 1
38
0.989658 -0.143450 -0.000000 0.000000
0.142869 0.985645 0.089953 0.000000
-0.012904 -0.089022 0.995946 -0.000000
-0.000000 0.125026 0.000000 1.000000
0.000000 -1.000000 0.000000 0.000000
0.000000 0.000000 1.000000 0.000000
-1.000000 -0.000000 0.000000 -0.000000
0.055032 -0.184633 -1.445625 1.000000
BoneName: mixamorig:RightForeArm
BoneIndex: 38
BoneParentIndex: 37
BoneChildCount: 1
39
1.000000 0.000000 -0.000000 0.000000
0.000000 1.000000 -0.000000 0.000000
-0.000000 -0.000000 1.000000 -0.000000
-0.000000 0.276870 0.000000 1.000000
0.000000 -1.000000 0.000000 0.000000
0.000000 0.000000 1.000000 0.000000
-1.000000 -0.000000 0.000000 -0.000000
0.055032 -0.461503 -1.445625 1.000000
BoneName: mixamorig:RightHand
BoneIndex: 39
BoneParentIndex: 38
BoneChildCount: 5
40
44
48
52
56
1.000000 0.000000 -0.000000 0.000000
0.000000 1.000000 -0.000000 0.000000
-0.000000 -0.000000 1.000000 -0.000000
-0.000000 0.278738 -0.000000 1.000000
0.000000 -1.000000 0.000000 0.000000
0.000000 0.000000 1.000000 0.000000
-1.000000 -0.000000 0.000000 -0.000000
0.055032 -0.740241 -1.445625 1.000000
BoneName: mixamorig:RightHandPinky1
BoneIndex: 40
BoneParentIndex: 39
BoneChildCount: 1
41
1.000000 0.000000 -0.000000 0.000000
0.000000 1.000000 -0.000000 0.000000
-0.000000 -0.000000 1.000000 -0.000000
-0.043783 0.097910 -0.002129 1.000000
0.000000 -1.000000 0.000000 0.000000
0.000000 0.000000 1.000000 0.000000
-1.000000 -0.000000 0.000000 -0.000000
0.098815 -0.838151 -1.443496 1.000000
BoneName: mixamorig:RightHandPinky2
BoneIndex: 41
BoneParentIndex: 40
BoneChildCount: 1
42
1.000000 0.000000 -0.000000 0.000000
0.000000 1.000000 -0.000000 0.000000
-0.000000 -0.000000 1.000000 -0.000000
0.000000 0.036528 0.000000 1.000000
0.000000 -1.000000 0.000000 0.000000
0.000000 0.000000 1.000000 0.000000
-1.000000 -0.000000 0.000000 -0.000000
0.098815 -0.874679 -1.443496 1.000000
BoneName: mixamorig:RightHandPinky3
BoneIndex: 42
BoneParentIndex: 41
BoneChildCount: 1
43
1.000000 -0.000002 -0.000000 0.000000
0.000002 1.000000 0.000127 0.000000
-0.000000 -0.000127 1.000000 -0.000000
0.000000 0.027820 -0.000000 1.000000
0.000002 -1.000000 0.000127 0.000000
-0.000000 0.000127 1.000000 0.000000
-1.000000 -0.000002 0.000000 -0.000000
0.098817 -0.902682 -1.443381 1.000000
BoneName: mixamorig:RightHandPinky4
BoneIndex: 43
BoneParentIndex: 42
BoneChildCount: 0
0.999846 0.004407 -0.016997 0.000000
-0.004407 0.999990 0.000075 0.000000
0.016997 -0.000000 0.999856 -0.000000
0.000000 0.016121 -0.000000 1.000000
1.000000 0.000000 0.000000 0.000000
0.000000 1.000000 0.000000 0.000000
0.000000 0.000000 1.000000 0.000000
0.000000 0.000000 0.000000 1.000000
BoneName: mixamorig:RightHandRing1
BoneIndex: 44
BoneParentIndex: 39
BoneChildCount: 1
45
1.000000 0.000000 -0.000000 0.000000
0.000000 1.000000 -0.000000 0.000000
-0.000000 -0.000000 1.000000 -0.000000
-0.023499 0.103919 0.001052 1.000000
0.000000 -1.000000 0.000000 0.000000
0.000000 0.000000 1.000000 0.000000
-1.000000 -0.000000 0.000000 -0.000000
0.078531 -0.844160 -1.446677 1.000000
BoneName: mixamorig:RightHandRing2
BoneIndex: 45
BoneParentIndex: 44
BoneChildCount: 1
46
1.000000 0.000000 -0.000000 0.000000
0.000000 1.000000 -0.000000 0.000000
-0.000000 -0.000000 1.000000 -0.000000
0.000000 0.054013 0.000000 1.000000
0.000000 -1.000000 0.000000 0.000000
-0.000000 0.000000 1.000000 0.000000
-1.000000 -0.000000 0.000000 -0.000000
0.078531 -0.898173 -1.446677 1.000000
BoneName: mixamorig:RightHandRing3
BoneIndex: 46
BoneParentIndex: 45
BoneChildCount: 1
47
1.000000 0.000014 -0.000000 0.000000
-0.000014 1.000000 0.000128 0.000000
0.000000 -0.000128 1.000000 -0.000000
0.000000 0.033916 -0.000000 1.000000
-0.000014 -1.000000 0.000128 0.000000
-0.000000 0.000128 1.000000 0.000000
-1.000000 0.000014 -0.000000 -0.000000
0.078518 -0.932275 -1.446558 1.000000
BoneName: mixamorig:RightHandRing4
BoneIndex: 47
BoneParentIndex: 46
BoneChildCount: 0
0.999884 -0.000609 -0.015226 0.000000
0.000609 1.000000 -0.000009 0.000000
0.015226 -0.000000 0.999884 -0.000000
-0.000000 0.023532 0.000000 1.000000
1.000000 0.000000 0.000000 0.000000
0.000000 1.000000 0.000000 0.000000
0.000000 0.000000 1.000000 0.000000
0.000000 0.000000 0.000000 1.000000
BoneName: mixamorig:RightHandMiddle1
BoneIndex: 48
BoneParentIndex: 39
BoneChildCount: 1
49
1.000000 0.000000 -0.000000 0.000000
0.000000 1.000000 -0.000000 0.000000
-0.000000 -0.000000 1.000000 -0.000000
0.000000 0.107792 -0.000000 1.000000
0.000000 -1.000000 0.000000 0.000000
0.000000 0.000000 1.000000 0.000000
-1.000000 -0.000000 0.000000 -0.000000
0.055032 -0.848033 -1.445625 1.000000
BoneName: mixamorig:RightHandMiddle2
BoneIndex: 49
BoneParentIndex: 48
BoneChildCount: 1
50
1.000000 0.000000 -0.000000 0.000000
0.000000 1.000000 -0.000000 0.000000
-0.000000 -0.000000 1.000000 -0.000000
0.000000 0.056168 0.000000 1.000000
0.000000 -1.000000 0.000000 0.000000
0.000000 0.000000 1.000000 0.000000
-1.000000 -0.000000 0.000000 -0.000000
0.055032 -0.904201 -1.445625 1.000000
BoneName: mixamorig:RightHandMiddle3
BoneIndex: 50
BoneParentIndex: 49
BoneChildCount: 1
51
1.000000 0.000010 -0.000000 0.000000
-0.000010 1.000000 0.000126 0.000000
0.000000 -0.000126 1.000000 -0.000000
-0.000000 0.037364 -0.000000 1.000000
-0.000010 -1.000000 0.000126 0.000000
-0.000000 0.000126 1.000000 0.000000
-1.000000 0.000010 -0.000000 -0.000000
0.055022 -0.941748 -1.445507 1.000000
BoneName: mixamorig:RightHandMiddle4
BoneIndex: 51
BoneParentIndex: 50
BoneChildCount: 0
0.999904 -0.003429 -0.013390 0.000000
0.003429 0.999994 -0.000046 0.000000
0.013390 -0.000000 0.999910 -0.000000
-0.000000 0.026915 0.000000 1.000000
1.000000 0.000000 0.000000 0.000000
0.000000 1.000000 0.000000 0.000000
0.000000 0.000000 1.000000 0.000000
0.000000 0.000000 0.000000 1.000000
BoneName: mixamorig:RightHandIndex1
BoneIndex: 52
BoneParentIndex: 39
BoneChildCount: 1
53
1.000000 0.000000 -0.000000 0.000000
0.000000 1.000000 -0.000000 0.000000
-0.000000 -0.000000 1.000000 -0.000000
0.022873 0.105773 -0.001754 1.000000
0.000000 -1.000000 0.000000 0.000000
-0.000000 0.000000 1.000000 0.000000
-1.000000 -0.000000 0.000000 -0.000000
0.032159 -0.846014 -1.443872 1.000000
BoneName: mixamorig:RightHandIndex2
BoneIndex: 53
BoneParentIndex: 52
BoneChildCount: 1
54
1.000000 0.000000 -0.000000 0.000000
0.000000 1.000000 -0.000000 0.000000
-0.000000 -0.000000 1.000000 -0.000000
0.000000 0.053768 -0.000000 1.000000
0.000000 -1.000000 0.000000 0.000000
0.000000 0.000000 1.000000 0.000000
-1.000000 -0.000000 0.000000 -0.000000
0.032159 -0.899782 -1.443872 1.000000
BoneName: mixamorig:RightHandIndex3
BoneIndex: 54
BoneParentIndex: 53
BoneChildCount: 1
55
1.000000 -0.000017 -0.000000 0.000000
0.000017 1.000000 0.000127 0.000000
-0.000000 -0.000127 1.000000 -0.000000
0.000000 0.033855 -0.000000 1.000000
0.000018 -1.000000 0.000127 0.000000
-0.000000 0.000127 1.000000 0.000000
-1.000000 -0.000018 0.000000 -0.000000
0.032175 -0.933820 -1.443753 1.000000
BoneName: mixamorig:RightHandIndex4
BoneIndex: 55
BoneParentIndex: 54
BoneChildCount: 0
0.999906 0.002768 -0.013418 0.000000
-0.002768 0.999996 0.000037 0.000000
0.013419 0.000000 0.999910 -0.000000
0.000000 0.023636 0.000000 1.000000
1.000000 0.000000 0.000000 0.000000
0.000000 1.000000 0.000000 0.000000
0.000000 0.000000 1.000000 0.000000
0.000000 0.000000 0.000000 1.000000
BoneName: mixamorig:RightHandThumb1
BoneIndex: 56
BoneParentIndex: 39
BoneChildCount: 1
57
0.894428 -0.387298 0.223604 0.000000
0.447212 0.774600 -0.447210 0.000000
-0.000000 0.499996 0.866028 -0.000000
0.023191 0.025704 -0.012451 1.000000
0.387298 -0.774600 -0.499996 0.000000
0.223604 -0.447210 0.866028 0.000000
-0.894428 -0.447212 0.000000 -0.000000
0.004665 0.061869 -1.624138 1.000000
BoneName: mixamorig:RightHandThumb2
BoneIndex: 57
BoneParentIndex: 56
BoneChildCount: 1
58
1.000000 0.000000 -0.000000 0.000000
0.000000 1.000000 -0.000000 0.000000
-0.000000 -0.000000 1.000000 -0.000000
0.000000 0.045427 0.000000 1.000000
0.387298 -0.774600 -0.499996 0.000000
0.223604 -0.447210 0.866028 0.000000
-0.894428 -0.447212 0.000000 -0.000000
0.004665 0.016442 -1.624138 1.000000
BoneName: mixamorig:RightHandThumb3
BoneIndex: 58
BoneParentIndex: 57
BoneChildCount: 1
59
1.000000 -0.000005 -0.000054 0.000000
0.000005 1.000000 0.000109 0.000000
0.000054 -0.000109 1.000000 -0.000000
-0.000000 0.050933 0.000000 1.000000
0.387329 -0.774652 -0.499890 0.000000
0.223559 -0.447115 0.866089 0.000000
-0.894426 -0.447216 0.000000 -0.000000
0.004754 -0.034668 -1.624135 1.000000
BoneName: mixamorig:RightHandThumb4
BoneIndex: 59
BoneParentIndex: 58
BoneChildCount: 0
0.957228 -0.145469 -0.250107 0.000000
0.140744 0.989363 -0.036774 0.000000
0.252796 -0.000000 0.967520 -0.000000
0.000000 0.026534 0.000000 1.000000
1.000000 0.000000 0.000000 0.000000
0.000000 1.000000 0.000000 0.000000
0.000000 0.000000 1.000000 0.000000
0.000000 0.000000 0.000000 1.000000
BoneName: mixamorig:LeftUpLeg
BoneIndex: 60
BoneParentIndex: 1
BoneChildCount: 1
61
-1.000000 0.000243 -0.000003 0.000000
-0.000243 -0.999912 0.013260 0.000000
0.000000 0.013260 0.999912 -0.000000
0.096335 -0.032742 0.000000 1.000000
-1.000000 -0.000155 0.000002 0.000000
0.000155 -0.999912 0.013260 0.000000
0.000000 0.013260 0.999912 -0.000000
0.096193 0.930882 -0.012702 1.000000
BoneName: mixamorig:LeftLeg
BoneIndex: 61
BoneParentIndex: 60
BoneChildCount: 1
62
1.000000 0.000321 -0.000004 0.000000
-0.000321 0.999265 0.038333 0.000000
0.000017 -0.038333 0.999265 -0.000000
-0.000000 0.417658 -0.000000 1.000000
-1.000000 0.000166 -0.000009 0.000000
-0.000166 -0.998669 0.051581 0.000000
-0.000000 0.051581 0.998669 -0.000000
0.096358 0.512328 -0.032364 1.000000
BoneName: mixamorig:LeftFoot
BoneIndex: 62
BoneParentIndex: 61
BoneChildCount: 1
63
0.999884 -0.015186 0.000784 0.000000
0.012577 0.796893 -0.603990 0.000000
0.008547 0.603930 0.796991 -0.000000
0.000000 0.391992 0.000000 1.000000
-0.999887 -0.012440 -0.008454 0.000000
0.015041 -0.826988 -0.562018 0.000000
0.000000 -0.562082 0.827082 -0.000000
0.094494 0.116655 0.047704 1.000000
BoneName: mixamorig:LeftToeBase
BoneIndex: 63
BoneParentIndex: 62
BoneChildCount: 1
64
0.999897 -0.010935 0.009346 0.000000
0.013941 0.576606 -0.816903 0.000000
0.003544 0.816949 0.576699 -0.000000
-0.000000 0.147350 0.000000 1.000000
-0.999726 -0.014206 -0.018581 0.000000
0.018829 -0.017522 -0.999669 0.000000
0.013876 -0.999746 0.017785 -0.000000
0.095266 -0.055352 0.002769 1.000000
BoneName: mixamorig:LeftToe_End
BoneIndex: 64
BoneParentIndex: 63
BoneChildCount: 0
1.000000 0.000000 -0.000000 0.000000
0.000000 1.000000 -0.000000 0.000000
-0.000000 -0.000000 1.000000 -0.000000
0.000000 0.066650 -0.000000 1.000000
1.000000 0.000000 0.000000 0.000000
0.000000 1.000000 0.000000 0.000000
0.000000 0.000000 1.000000 0.000000
0.000000 0.000000 0.000000 1.000000
BoneName: mixamorig:RightUpLeg
BoneIndex: 65
BoneParentIndex: 1
BoneChildCount: 1
66
-1.000000 0.000243 -0.000003 0.000000
-0.000243 -0.999911 0.013310 0.000000
0.000000 0.013310 0.999911 -0.000000
-0.096341 -0.032724 -0.000000 1.000000
-1.000000 -0.000155 0.000002 0.000000
0.000155 -0.999911 0.013310 0.000000
-0.000000 0.013310 0.999911 -0.000000
-0.096483 0.930851 -0.012747 1.000000
BoneName: mixamorig:RightLeg
BoneIndex: 66
BoneParentIndex: 65
BoneChildCount: 1
67
1.000000 0.000321 -0.000004 0.000000
-0.000321 0.999269 0.038233 0.000000
0.000017 -0.038233 0.999269 -0.000000
0.000000 0.417658 -0.000000 1.000000
-1.000000 0.000166 -0.000009 0.000000
-0.000166 -0.998671 0.051530 0.000000
-0.000000 0.051530 0.998671 -0.000000
-0.096318 0.512361 -0.032361 1.000000
BoneName: mixamorig:RightFoot
BoneIndex: 67
BoneParentIndex: 66
BoneChildCount: 1
68
0.999884 -0.015186 0.000784 0.000000
0.012577 0.796923 -0.603950 0.000000
0.008547 0.603890 0.797022 -0.000000
0.000000 0.391992 0.000000 1.000000
-0.999887 -0.012440 -0.008454 0.000000
0.015041 -0.826988 -0.562018 0.000000
-0.000000 -0.562082 0.827082 -0.000000
-0.098160 0.114258 0.046075 1.000000
BoneName: mixamorig:RightToeBase
BoneIndex: 68
BoneParentIndex: 67
BoneChildCount: 1
69
0.999358 0.035113 0.007099 0.000000
-0.014441 0.576236 -0.817156 0.000000
-0.032784 0.816529 0.576373 -0.000000
-0.000000 0.147350 -0.000000 1.000000
-0.999742 0.014180 0.017750 0.000000
-0.017997 -0.017501 -0.999685 0.000000
-0.013865 -0.999746 0.017752 -0.000000
-0.098932 -0.055302 0.002753 1.000000
BoneName: mixamorig:RightToe_End
BoneIndex: 69
BoneParentIndex: 68
BoneChildCount: 0
1.000000 0.000000 -0.000000 0.000000
0.000000 1.000000 -0.000000 0.000000
-0.000000 -0.000000 1.000000 -0.000000
0.000000 0.066776 -0.000000 1.000000
1.000000 0.000000 0.000000 0.000000
0.000000 1.000000 0.000000 0.000000
0.000000 0.000000 1.000000 0.000000
0.000000 0.000000 0.000000 1.000000
BoneName: Geo
BoneIndex: 70
BoneParentIndex: 0
BoneChildCount: 2
71
72
1.000000 0.000000 -0.000000 0.000000
0.000000 1.000000 -0.000000 0.000000
-0.000000 -0.000000 1.000000 -0.000000
0.000000 0.000000 -0.000000 1.000000
1.000000 0.000000 0.000000 0.000000
0.000000 1.000000 0.000000 0.000000
0.000000 0.000000 1.000000 0.000000
0.000000 0.000000 0.000000 1.000000
BoneName: Soldier_head
BoneIndex: 71
BoneParentIndex: 70
BoneChildCount: 0
1.000000 0.000000 -0.000000 0.000000
0.000000 1.000000 -0.000000 0.000000
-0.000000 -0.000000 1.000000 -0.000000
0.000000 0.000000 -0.000000 1.000000
1.000000 0.000000 0.000000 0.000000
0.000000 1.000000 0.000000 0.000000
0.000000 0.000000 1.000000 0.000000
0.000000 0.000000 0.000000 1.000000
BoneName: Soldier_body
BoneIndex: 72
BoneParentIndex: 70
BoneChildCount: 0
1.000000 0.000000 -0.000000 0.000000
0.000000 1.000000 -0.000000 0.000000
-0.000000 -0.000000 1.000000 -0.000000
0.000000 0.000000 -0.000000 1.000000
1.000000 0.000000 0.000000 0.000000
0.000000 1.000000 0.000000 0.000000
0.000000 0.000000 1.000000 0.000000
0.000000 0.000000 0.000000 1.000000
