BoneCount: 68
RootBone: 0
BoneName: RootNode
BoneIndex: 0
BoneParentIndex: -1
BoneChildCount: 2
1
67
1.000000 0.000000 -0.000000 0.000000
0.000000 1.000000 -0.000000 0.000000
-0.000000 -0.000000 1.000000 -0.000000
0.000000 0.000000 -0.000000 1.000000
1.000000 0.000000 0.000000 0.000000
0.000000 1.000000 0.000000 0.000000
0.000000 0.000000 1.000000 0.000000
0.000000 0.000000 0.000000 1.000000
BoneName: mixamorig:Hips
BoneIndex: 1
BoneParentIndex: 0
BoneChildCount: 3
2
57
62
1.000000 0.000000 -0.000000 0.000000
0.000000 1.000000 -0.000000 0.000000
-0.000000 -0.000000 1.000000 -0.000000
0.000000 1.012930 0.016643 1.000000
1.000000 -0.000002 0.000000 0.000000
0.000002 1.000000 0.000000 0.000000
-0.000000 0.000000 1.000000 -0.000000
-0.000002 -1.012930 -0.016643 1.000000
BoneName: mixamorig:Spine
BoneIndex: 2
BoneParentIndex: 1
BoneChildCount: 1
3
1.000000 -0.000002 0.000000 0.000000
0.000002 0.999970 -0.007701 0.000000
-0.000000 0.007701 0.999970 -0.000000
0.000000 0.129474 -0.013069 1.000000
1.000000 -0.000000 0.000000 0.000000
0.000000 0.999970 0.007701 0.000000
-0.000000 -0.007701 0.999970 -0.000000
-0.000000 -1.142342 -0.012373 1.000000
BoneName: mixamorig:Spine1
BoneIndex: 3
BoneParentIndex: 2
BoneChildCount: 1
4
1.000000 0.000000 -0.000000 0.000000
0.000000 0.999956 0.009384 0.000000
-0.000000 -0.009384 0.999956 -0.000000
-0.000000 0.116505 -0.000000 1.000000
1.000000 -0.000000 0.000000 0.000000
0.000000 0.999999 -0.001683 0.000000
-0.000000 0.001683 0.999999 -0.000000
-0.000000 -1.258908 -0.000559 1.000000
BoneName: mixamorig:Spine2
BoneIndex: 4
BoneParentIndex: 3
BoneChildCount: 3
5
9
33
1.000000 0.000000 -0.000000 0.000000
0.000000 0.999999 -0.001683 0.000000
-0.000000 0.001683 0.999999 -0.000000
-0.000000 0.118996 -0.000000 1.000000
1.000000 -0.000000 0.000000 0.000000
0.000000 1.000000 0.000000 0.000000
-0.000000 0.000000 1.000000 -0.000000
-0.000000 -1.377901 -0.002878 1.000000
BoneName: mixamorig:Neck
BoneIndex: 5
BoneParentIndex: 4
BoneChildCount: 1
6
1.000000 0.000000 -0.000000 0.000000
0.000000 1.000000 -0.000000 0.000000
-0.000000 -0.000000 1.000000 -0.000000
-0.000000 0.298625 0.068568 1.000000
1.000000 -0.000000 0.000000 0.000000
0.000000 1.000000 0.000000 0.000000
-0.000000 0.000000 1.000000 -0.000000
-0.000000 -1.676526 -0.071446 1.000000
BoneName: mixamorig:Head
BoneIndex: 6
BoneParentIndex: 5
BoneChildCount: 2
7
8
1.000000 0.000000 -0.000000 0.000000
0.000000 1.000000 -0.000000 0.000000
-0.000000 -0.000000 1.000000 -0.000000
-0.000000 0.158127 -0.045046 1.000000
1.000000 -0.000000 0.000000 0.000000
0.000000 1.000000 0.000000 0.000000
-0.000000 0.000000 1.000000 -0.000000
-0.000000 -1.834653 -0.026400 1.000000
BoneName: mixamorig:HeadTop_End
BoneIndex: 7
BoneParentIndex: 6
BoneChildCount: 0
1.000000 0.000000 -0.000000 0.000000
0.000000 1.000000 -0.000000 0.000000
-0.000000 -0.000000 1.000000 -0.000000
-0.000000 0.169142 -0.085488 1.000000
1.000000 -0.000000 0.000000 0.000000
0.000000 1.000000 0.000000 0.000000
-0.000000 0.000000 1.000000 -0.000000
-0.000000 -2.003795 0.059088 1.000000
BoneName: mixamorig:RightEye
BoneIndex: 8
BoneParentIndex: 6
BoneChildCount: 0
-0.000000 0.000000 -1.000000 0.000000
-1.000000 -0.000000 0.000000 0.000000
-0.000000 1.000000 0.000000 -0.000000
-0.041169 0.056626 -0.140654 1.000000
0.000000 -1.000000 0.000000 0.000000
0.000000 0.000000 1.000000 0.000000
-1.000000 -0.000000 0.000000 -0.000000
-0.114254 -0.041169 -1.891280 1.000000
BoneName: mixamorig:LeftShoulder
BoneIndex: 9
BoneParentIndex: 4
BoneChildCount: 1
10
-0.001656 0.000868 0.999998 0.000000
0.885651 -0.464347 0.001870 0.000000
0.464348 0.885653 -0.000000 -0.000000
0.156932 0.305276 0.148855 1.000000
-0.001656 0.885651 0.464348 0.000000
0.000868 -0.464347 0.885653 0.000000
0.999998 0.001870 -0.000000 -0.000000
-0.152934 0.642307 -1.563582 1.000000
BoneName: mixamorig:LeftArm
BoneIndex: 10
BoneParentIndex: 9
BoneChildCount: 1
11
0.999999 0.001138 -0.000383 0.000000
-0.000835 0.888450 0.458973 0.000000
0.000863 -0.458973 0.888450 -0.000000
0.000000 0.180020 0.000000 1.000000
-0.000826 0.999981 0.006058 0.000000
0.000000 -0.006058 0.999982 0.000000
1.000000 0.000825 0.000005 -0.000000
-0.151808 -0.306796 -1.601473 1.000000
BoneName: mixamorig:LeftForeArm
BoneIndex: 11
BoneParentIndex: 10
BoneChildCount: 1
12
1.000000 0.000000 -0.000000 0.000000
0.000000 1.000000 -0.000000 0.000000
-0.000000 -0.000000 1.000000 -0.000000
-0.000000 0.375201 -0.000000 1.000000
-0.000828 0.999981 0.006057 0.000000
0.000000 -0.006057 0.999982 0.000000
1.000000 0.000828 0.000005 -0.000000
-0.151807 -0.681999 -1.601473 1.000000
BoneName: mixamorig:LeftHand
BoneIndex: 12
BoneParentIndex: 11
BoneChildCount: 5
13
17
21
25
29
1.000000 0.000000 -0.000000 0.000000
0.000000 1.000000 -0.000000 0.000000
-0.000000 -0.000000 1.000000 -0.000000
0.000000 0.418656 0.000000 1.000000
-0.000828 0.999981 0.006057 0.000000
0.000000 -0.006057 0.999982 0.000000
1.000000 0.000828 0.000005 -0.000000
-0.151807 -1.100655 -1.601473 1.000000
BoneName: mixamorig:LeftHandThumb1
BoneIndex: 13
BoneParentIndex: 12
BoneChildCount: 1
14
0.859490 0.510472 0.026366 0.000000
-0.447856 0.776919 -0.442518 0.000000
-0.246377 0.368532 0.896372 -0.000000
-0.072979 0.058095 -0.051408 1.000000
0.509911 0.774594 0.374159 0.000000
0.023273 -0.447216 0.894123 0.000000
0.859912 -0.447215 -0.246068 -0.000000
-0.700130 -0.179019 -1.797049 1.000000
BoneName: mixamorig:LeftHandThumb2
BoneIndex: 14
BoneParentIndex: 13
BoneChildCount: 1
15
1.000000 -0.000006 -0.000000 0.000000
0.000006 1.000000 -0.000000 0.000000
0.000000 0.000000 1.000000 -0.000000
-0.000000 0.069819 -0.000000 1.000000
0.509906 0.774598 0.374159 0.000000
0.023276 -0.447216 0.894123 0.000000
0.859915 -0.447210 -0.246068 -0.000000
-0.700128 -0.248843 -1.797049 1.000000
BoneName: mixamorig:LeftHandThumb3
BoneIndex: 15
BoneParentIndex: 14
BoneChildCount: 1
16
1.000000 0.000000 -0.000000 0.000000
0.000000 1.000000 -0.000000 0.000000
-0.000000 -0.000000 1.000000 -0.000000
0.000000 0.044468 0.000000 1.000000
0.509908 0.774595 0.374159 0.000000
0.023275 -0.447217 0.894123 0.000000
0.859914 -0.447212 -0.246068 -0.000000
-0.700129 -0.293307 -1.797049 1.000000
BoneName: mixamorig:LeftHandThumb4
BoneIndex: 16
BoneParentIndex: 15
BoneChildCount: 0
1.000000 0.000000 -0.000000 0.000000
0.000000 1.000000 -0.000000 0.000000
-0.000000 -0.000000 1.000000 -0.000000
-0.000000 0.053380 0.000000 1.000000
0.509908 0.774595 0.374159 0.000000
0.023275 -0.447217 0.894123 0.000000
0.859914 -0.447212 -0.246068 -0.000000
-0.700129 -0.346687 -1.797049 1.000000
BoneName: mixamorig:LeftHandIndex1
BoneIndex: 17
BoneParentIndex: 12
BoneChildCount: 1
18
1.000000 0.000832 0.000005 0.000000
-0.000832 0.999981 0.006057 0.000000
0.000000 -0.006057 0.999982 -0.000000
-0.063457 0.174729 -0.001442 1.000000
0.000004 1.000000 0.000000 0.000000
0.000000 -0.000000 1.000000 0.000000
1.000000 -0.000004 -0.000000 -0.000000
-0.089419 -1.284978 -1.592276 1.000000
BoneName: mixamorig:LeftHandIndex2
BoneIndex: 18
BoneParentIndex: 17
BoneChildCount: 1
19
1.000000 0.000000 -0.000000 0.000000
0.000000 1.000000 -0.000000 0.000000
-0.000000 -0.000000 1.000000 -0.000000
0.000000 0.063065 0.000000 1.000000
0.000001 1.000000 0.000003 0.000000
-0.000000 -0.000003 1.000000 0.000000
1.000000 -0.000001 -0.000000 -0.000000
-0.089415 -1.348038 -1.592279 1.000000
BoneName: mixamorig:LeftHandIndex3
BoneIndex: 19
BoneParentIndex: 18
BoneChildCount: 1
20
1.000000 0.000011 -0.000000 0.000000
-0.000011 1.000000 0.000003 0.000000
0.000000 -0.000003 1.000000 -0.000000
-0.000000 0.052870 -0.000000 1.000000
0.000012 1.000000 0.000000 0.000000
-0.000000 -0.000000 1.000000 0.000000
1.000000 -0.000012 0.000000 -0.000000
-0.089430 -1.400912 -1.592276 1.000000
BoneName: mixamorig:LeftHandIndex4
BoneIndex: 20
BoneParentIndex: 19
BoneChildCount: 0
1.000000 0.000000 -0.000000 0.000000
0.000000 1.000000 -0.000000 0.000000
-0.000000 -0.000000 1.000000 -0.000000
-0.000000 0.046436 0.000000 1.000000
0.000012 1.000000 0.000000 0.000000
-0.000000 -0.000000 1.000000 0.000000
1.000000 -0.000012 0.000000 -0.000000
-0.089430 -1.447347 -1.592276 1.000000
BoneName: mixamorig:LeftHandMiddle1
BoneIndex: 21
BoneParentIndex: 12
BoneChildCount: 1
22
1.000000 0.000832 0.000005 0.000000
-0.000832 0.999981 0.006055 0.000000
0.000000 -0.006055 0.999982 -0.000000
-0.001124 0.180099 0.004411 1.000000
0.000004 1.000000 0.000002 0.000000
-0.000000 -0.000002 1.000000 0.000000
1.000000 -0.000004 -0.000000 -0.000000
-0.151755 -1.290328 -1.598099 1.000000
BoneName: mixamorig:LeftHandMiddle2
BoneIndex: 22
BoneParentIndex: 21
BoneChildCount: 1
23
1.000000 0.000000 -0.000000 0.000000
0.000000 1.000000 -0.000000 0.000000
-0.000000 -0.000000 1.000000 -0.000000
0.000000 0.068428 0.000000 1.000000
0.000006 1.000000 0.000000 0.000000
-0.000000 -0.000000 1.000000 0.000000
1.000000 -0.000006 0.000000 -0.000000
-0.151758 -1.358759 -1.598096 1.000000
BoneName: mixamorig:LeftHandMiddle3
BoneIndex: 23
BoneParentIndex: 22
BoneChildCount: 1
24
1.000000 0.000000 -0.000000 0.000000
0.000000 1.000000 -0.000000 0.000000
-0.000000 -0.000000 1.000000 -0.000000
-0.000000 0.056561 -0.000000 1.000000
0.000006 1.000000 0.000003 0.000000
-0.000000 -0.000003 1.000000 0.000000
1.000000 -0.000006 -0.000000 -0.000000
-0.151759 -1.415315 -1.598101 1.000000
BoneName: mixamorig:LeftHandMiddle4
BoneIndex: 24
BoneParentIndex: 23
BoneChildCount: 0
1.000000 0.000000 -0.000000 0.000000
0.000000 1.000000 -0.000000 0.000000
-0.000000 -0.000000 1.000000 -0.000000
-0.000000 0.044579 -0.000000 1.000000
0.000006 1.000000 0.000003 0.000000
-0.000000 -0.000003 1.000000 0.000000
1.000000 -0.000006 -0.000000 -0.000000
-0.151759 -1.459893 -1.598101 1.000000
BoneName: mixamorig:LeftHandRing1
BoneIndex: 25
BoneParentIndex: 12
BoneChildCount: 1
26
1.000000 0.000832 0.000005 0.000000
-0.000832 0.999981 0.006055 0.000000
0.000000 -0.006055 0.999982 -0.000000
0.058325 0.165926 0.001174 1.000000
0.000005 1.000000 0.000002 0.000000
-0.000000 -0.000002 1.000000 0.000000
1.000000 -0.000005 -0.000000 -0.000000
-0.211194 -1.276086 -1.594949 1.000000
BoneName: mixamorig:LeftHandRing2
BoneIndex: 26
BoneParentIndex: 25
BoneChildCount: 1
27
1.000000 0.000011 -0.000000 0.000000
-0.000011 1.000000 -0.000000 0.000000
-0.000000 0.000000 1.000000 -0.000000
-0.000000 0.063329 0.000000 1.000000
0.000015 1.000000 0.000003 0.000000
-0.000000 -0.000003 1.000000 0.000000
1.000000 -0.000015 -0.000000 -0.000000
-0.211208 -1.339412 -1.594949 1.000000
BoneName: mixamorig:LeftHandRing3
BoneIndex: 27
BoneParentIndex: 26
BoneChildCount: 1
28
1.000000 0.000000 -0.000000 0.000000
0.000000 1.000000 -0.000000 0.000000
-0.000000 -0.000000 1.000000 -0.000000
-0.000000 0.056089 -0.000000 1.000000
0.000015 1.000000 0.000007 0.000000
-0.000000 -0.000007 1.000000 0.000000
1.000000 -0.000015 -0.000000 -0.000000
-0.211207 -1.395495 -1.594955 1.000000
BoneName: mixamorig:LeftHandRing4
BoneIndex: 28
BoneParentIndex: 27
BoneChildCount: 0
1.000000 0.000000 -0.000000 0.000000
0.000000 1.000000 -0.000000 0.000000
-0.000000 -0.000000 1.000000 -0.000000
0.000000 0.044897 -0.000000 1.000000
0.000015 1.000000 0.000007 0.000000
-0.000000 -0.000007 1.000000 0.000000
1.000000 -0.000015 -0.000000 -0.000000
-0.211207 -1.440392 -1.594955 1.000000
BoneName: mixamorig:LeftHandPinky1
BoneIndex: 29
BoneParentIndex: 12
BoneChildCount: 1
30
1.000000 0.000833 0.000005 0.000000
-0.000833 0.999981 0.006057 0.000000
0.000000 -0.006057 0.999982 -0.000000
0.111436 0.148206 -0.000018 1.000000
0.000005 1.000000 0.000000 0.000000
-0.000000 -0.000000 1.000000 0.000000
1.000000 -0.000005 -0.000000 -0.000000
-0.264290 -1.258318 -1.593861 1.000000
BoneName: mixamorig:LeftHandPinky2
BoneIndex: 30
BoneParentIndex: 29
BoneChildCount: 1
31
1.000000 -0.000017 -0.000000 0.000000
0.000017 1.000000 -0.000000 0.000000
-0.000000 -0.000000 1.000000 -0.000000
-0.000000 0.055763 -0.000000 1.000000
-0.000012 1.000000 -0.000000 0.000000
-0.000000 0.000000 1.000000 0.000000
1.000000 0.000012 -0.000000 -0.000000
-0.264267 -1.314085 -1.593861 1.000000
BoneName: mixamorig:LeftHandPinky3
BoneIndex: 31
BoneParentIndex: 30
BoneChildCount: 1
32
1.000000 0.000021 -0.000000 0.000000
-0.000021 1.000000 -0.000000 0.000000
-0.000000 -0.000000 1.000000 -0.000000
0.000000 0.040902 0.000000 1.000000
0.000009 1.000000 0.000000 0.000000
0.000000 -0.000000 1.000000 0.000000
1.000000 -0.000009 -0.000000 -0.000000
-0.264296 -1.354982 -1.593861 1.000000
BoneName: mixamorig:LeftHandPinky4
BoneIndex: 32
BoneParentIndex: 31
BoneChildCount: 0
1.000000 0.000000 -0.000000 0.000000
0.000000 1.000000 -0.000000 0.000000
-0.000000 -0.000000 1.000000 -0.000000
-0.000000 0.042223 -0.000000 1.000000
0.000009 1.000000 0.000000 0.000000
0.000000 -0.000000 1.000000 0.000000
1.000000 -0.000009 -0.000000 -0.000000
-0.264296 -1.397205 -1.593861 1.000000
BoneName: mixamorig:RightShoulder
BoneIndex: 33
BoneParentIndex: 4
BoneChildCount: 1
34
-0.001653 -0.000867 -0.999998 0.000000
-0.885655 -0.464339 0.001867 0.000000
-0.464340 0.885657 -0.000000 -0.000000
-0.156932 0.305279 0.148855 1.000000
-0.001653 -0.885655 -0.464340 0.000000
-0.000867 -0.464339 0.885657 0.000000
-0.999998 0.001866 0.000000 -0.000000
0.152932 0.642296 -1.563590 1.000000
BoneName: mixamorig:RightArm
BoneIndex: 34
BoneParentIndex: 33
BoneChildCount: 1
35
0.999999 -0.001135 0.000384 0.000000
0.000832 0.888462 0.458949 0.000000
-0.000862 -0.458949 0.888462 -0.000000
0.000000 0.180019 -0.000000 1.000000
-0.000826 -0.999981 -0.006077 0.000000
-0.000000 -0.006077 0.999982 0.000000
-1.000000 0.000826 0.000005 -0.000000
0.151808 -0.306766 -1.601484 1.000000
BoneName: mixamorig:RightForeArm
BoneIndex: 35
BoneParentIndex: 34
BoneChildCount: 1
36
1.000000 0.000000 -0.000000 0.000000
-0.000000 1.000000 0.000034 0.000000
0.000000 -0.000034 1.000000 -0.000000
0.000000 0.375201 -0.000000 1.000000
-0.000826 -0.999981 -0.006043 0.000000
-0.000000 -0.006043 0.999982 0.000000
-1.000000 0.000826 0.000005 -0.000000
0.151807 -0.682021 -1.601461 1.000000
BoneName: mixamorig:RightHand
BoneIndex: 36
BoneParentIndex: 35
BoneChildCount: 5
37
41
45
49
53
1.000000 0.000000 -0.000000 0.000000
0.000000 1.000000 -0.000000 0.000000
-0.000000 -0.000000 1.000000 -0.000000
0.000000 0.418657 -0.000000 1.000000
-0.000826 -0.999981 -0.006043 0.000000
-0.000000 -0.006043 0.999982 0.000000
-1.000000 0.000826 0.000005 -0.000000
0.151807 -1.100678 -1.601461 1.000000
BoneName: mixamorig:RightHandThumb1
BoneIndex: 37
BoneParentIndex: 36
BoneChildCount: 1
38
0.860956 -0.508248 -0.020940 0.000000
0.447848 0.776875 -0.442603 0.000000
0.241219 0.371684 0.896473 -0.000000
0.072978 0.058091 -0.051410 1.000000
0.507653 -0.774557 -0.377294 0.000000
-0.017868 -0.447289 0.894211 0.000000
-0.861376 -0.447208 -0.240908 -0.000000
0.689268 -0.178860 -1.801260 1.000000
BoneName: mixamorig:RightHandThumb2
BoneIndex: 38
BoneParentIndex: 37
BoneChildCount: 1
39
1.000000 0.000085 0.000001 0.000000
-0.000085 1.000000 0.000262 0.000000
-0.000001 -0.000262 1.000000 -0.000000
0.000000 0.069821 0.000000 1.000000
0.507587 -0.774698 -0.377091 0.000000
-0.017905 -0.447054 0.894328 0.000000
-0.861414 -0.447198 -0.240790 -0.000000
0.689246 -0.249210 -1.801195 1.000000
BoneName: mixamorig:RightHandThumb3
BoneIndex: 39
BoneParentIndex: 38
BoneChildCount: 1
40
1.000000 -0.000049 -0.000000 0.000000
0.000049 1.000000 -0.000293 0.000000
0.000000 0.000293 1.000000 -0.000000
-0.000000 0.044469 0.000000 1.000000
0.507625 -0.774563 -0.377318 0.000000
-0.017884 -0.447317 0.894197 0.000000
-0.861392 -0.447169 -0.240922 -0.000000
0.689261 -0.293117 -1.801281 1.000000
BoneName: mixamorig:RightHandThumb4
BoneIndex: 40
BoneParentIndex: 39
BoneChildCount: 0
1.000000 0.000000 -0.000000 0.000000
0.000000 1.000000 -0.000000 0.000000
-0.000000 -0.000000 1.000000 -0.000000
0.000000 0.053385 -0.000000 1.000000
0.507625 -0.774563 -0.377318 0.000000
-0.017884 -0.447317 0.894197 0.000000
-0.861392 -0.447169 -0.240922 -0.000000
0.689261 -0.346502 -1.801281 1.000000
BoneName: mixamorig:RightHandIndex1
BoneIndex: 41
BoneParentIndex: 36
BoneChildCount: 1
42
1.000000 -0.000831 -0.000005 0.000000
0.000831 0.999981 0.006043 0.000000
-0.000000 -0.006043 0.999982 -0.000000
0.063456 0.174730 -0.001444 1.000000
0.000005 -1.000000 -0.000000 0.000000
0.000000 -0.000000 1.000000 0.000000
-1.000000 -0.000005 -0.000000 -0.000000
0.089419 -1.284980 -1.592280 1.000000
BoneName: mixamorig:RightHandIndex2
BoneIndex: 42
BoneParentIndex: 41
BoneChildCount: 1
43
1.000000 0.000000 -0.000000 0.000000
0.000000 1.000000 -0.000000 0.000000
-0.000000 -0.000000 1.000000 -0.000000
-0.000000 0.063060 0.000000 1.000000
0.000002 -1.000000 0.000000 0.000000
0.000000 0.000000 1.000000 0.000000
-1.000000 -0.000002 0.000000 -0.000000
0.089415 -1.348040 -1.592280 1.000000
BoneName: mixamorig:RightHandIndex3
BoneIndex: 43
BoneParentIndex: 42
BoneChildCount: 1
44
1.000000 -0.000009 -0.000000 0.000000
0.000009 1.000000 -0.000000 0.000000
-0.000000 -0.000000 1.000000 -0.000000
0.000000 0.052870 -0.000000 1.000000
0.000011 -1.000000 -0.000000 0.000000
-0.000000 -0.000000 1.000000 0.000000
-1.000000 -0.000011 -0.000000 -0.000000
0.089428 -1.400909 -1.592280 1.000000
BoneName: mixamorig:RightHandIndex4
BoneIndex: 44
BoneParentIndex: 43
BoneChildCount: 0
1.000000 0.000000 -0.000000 0.000000
0.000000 1.000000 -0.000000 0.000000
-0.000000 -0.000000 1.000000 -0.000000
-0.000000 0.046440 -0.000000 1.000000
0.000011 -1.000000 -0.000000 0.000000
-0.000000 -0.000000 1.000000 0.000000
-1.000000 -0.000011 -0.000000 -0.000000
0.089428 -1.447349 -1.592280 1.000000
BoneName: mixamorig:RightHandMiddle1
BoneIndex: 45
BoneParentIndex: 36
BoneChildCount: 1
46
1.000000 -0.000826 -0.000005 0.000000
0.000826 0.999981 0.006043 0.000000
-0.000000 -0.006043 0.999982 -0.000000
0.001124 0.180096 0.004408 1.000000
0.000000 -1.000000 0.000000 0.000000
0.000000 0.000000 1.000000 0.000000
-1.000000 -0.000000 0.000000 -0.000000
0.151750 -1.290330 -1.598100 1.000000
BoneName: mixamorig:RightHandMiddle2
BoneIndex: 46
BoneParentIndex: 45
BoneChildCount: 1
47
1.000000 0.000000 -0.000000 0.000000
0.000000 1.000000 -0.000000 0.000000
-0.000000 -0.000000 1.000000 -0.000000
-0.000000 0.068430 0.000000 1.000000
0.000000 -1.000000 0.000000 0.000000
-0.000000 0.000000 1.000000 0.000000
-1.000000 -0.000000 0.000000 -0.000000
0.151750 -1.358760 -1.598100 1.000000
BoneName: mixamorig:RightHandMiddle3
BoneIndex: 47
BoneParentIndex: 46
BoneChildCount: 1
48
1.000000 -0.000022 -0.000000 0.000000
0.000022 1.000000 -0.000000 0.000000
-0.000000 -0.000000 1.000000 -0.000000
0.000000 0.056560 -0.000000 1.000000
0.000022 -1.000000 -0.000000 0.000000
-0.000000 -0.000000 1.000000 0.000000
-1.000000 -0.000022 -0.000000 -0.000000
0.151782 -1.415317 -1.598100 1.000000
BoneName: mixamorig:RightHandMiddle4
BoneIndex: 48
BoneParentIndex: 47
BoneChildCount: 0
1.000000 0.000000 -0.000000 0.000000
0.000000 1.000000 -0.000000 0.000000
-0.000000 -0.000000 1.000000 -0.000000
0.000000 0.044580 -0.000000 1.000000
0.000022 -1.000000 -0.000000 0.000000
-0.000000 -0.000000 1.000000 0.000000
-1.000000 -0.000022 -0.000000 -0.000000
0.151782 -1.459897 -1.598100 1.000000
BoneName: mixamorig:RightHandRing1
BoneIndex: 49
BoneParentIndex: 36
BoneChildCount: 1
50
1.000000 -0.000826 -0.000005 0.000000
0.000826 0.999981 0.006043 0.000000
-0.000000 -0.006043 0.999982 -0.000000
-0.058325 0.165924 0.001173 1.000000
0.000000 -1.000000 0.000000 0.000000
-0.000000 0.000000 1.000000 0.000000
-1.000000 -0.000000 0.000000 -0.000000
0.211187 -1.276090 -1.594950 1.000000
BoneName: mixamorig:RightHandRing2
BoneIndex: 50
BoneParentIndex: 49
BoneChildCount: 1
51
1.000000 -0.000018 -0.000000 0.000000
0.000018 1.000000 -0.000000 0.000000
-0.000000 -0.000000 1.000000 -0.000000
-0.000000 0.063330 0.000000 1.000000
0.000018 -1.000000 -0.000000 0.000000
-0.000000 -0.000000 1.000000 0.000000
-1.000000 -0.000018 -0.000000 -0.000000
0.211211 -1.339416 -1.594950 1.000000
BoneName: mixamorig:RightHandRing3
BoneIndex: 51
BoneParentIndex: 50
BoneChildCount: 1
52
1.000000 0.000018 -0.000000 0.000000
-0.000018 1.000000 -0.000223 0.000000
-0.000000 0.000223 1.000000 -0.000000
-0.000000 0.056090 0.000000 1.000000
0.000000 -1.000000 -0.000223 0.000000
0.000000 -0.000223 1.000000 0.000000
-1.000000 -0.000000 -0.000000 -0.000000
0.211186 -1.395155 -1.595261 1.000000
BoneName: mixamorig:RightHandRing4
BoneIndex: 52
BoneParentIndex: 51
BoneChildCount: 0
1.000000 0.000000 -0.000000 0.000000
0.000000 1.000000 -0.000000 0.000000
-0.000000 -0.000000 1.000000 -0.000000
-0.000000 0.044900 -0.000000 1.000000
0.000000 -1.000000 -0.000223 0.000000
0.000000 -0.000223 1.000000 0.000000
-1.000000 -0.000000 -0.000000 -0.000000
0.211186 -1.440055 -1.595261 1.000000
BoneName: mixamorig:RightHandPinky1
BoneIndex: 53
BoneParentIndex: 36
BoneChildCount: 1
54
1.000000 -0.000844 -0.000005 0.000000
0.000844 0.999981 0.006043 0.000000
-0.000000 -0.006043 0.999982 -0.000000
-0.111437 0.148205 -0.000024 1.000000
0.000018 -1.000000 -0.000000 0.000000
0.000000 -0.000000 1.000000 0.000000
-1.000000 -0.000018 -0.000000 -0.000000
0.264307 -1.258315 -1.593860 1.000000
BoneName: mixamorig:RightHandPinky2
BoneIndex: 54
BoneParentIndex: 53
BoneChildCount: 1
55
1.000000 0.000042 -0.000000 0.000000
-0.000042 1.000000 -0.000000 0.000000
-0.000000 -0.000000 1.000000 -0.000000
-0.000000 0.055760 0.000000 1.000000
-0.000024 -1.000000 -0.000000 0.000000
-0.000000 -0.000000 1.000000 0.000000
-1.000000 0.000024 -0.000000 -0.000000
0.264251 -1.314086 -1.593860 1.000000
BoneName: mixamorig:RightHandPinky3
BoneIndex: 55
BoneParentIndex: 54
BoneChildCount: 1
56
1.000000 -0.000024 -0.000000 0.000000
0.000024 1.000000 -0.000000 0.000000
-0.000000 -0.000000 1.000000 -0.000000
-0.000000 0.040900 0.000000 1.000000
0.000000 -1.000000 -0.000000 0.000000
0.000000 -0.000000 1.000000 0.000000
-1.000000 -0.000000 -0.000000 -0.000000
0.264284 -1.354980 -1.593860 1.000000
BoneName: mixamorig:RightHandPinky4
BoneIndex: 56
BoneParentIndex: 55
BoneChildCount: 0
1.000000 0.000000 -0.000000 0.000000
0.000000 1.000000 -0.000000 0.000000
-0.000000 -0.000000 1.000000 -0.000000
0.000000 0.042230 0.000000 1.000000
0.000000 -1.000000 -0.000000 0.000000
0.000000 -0.000000 1.000000 0.000000
-1.000000 -0.000000 -0.000000 -0.000000
0.264284 -1.397210 -1.593860 1.000000
BoneName: mixamorig:LeftUpLeg
BoneIndex: 57
BoneParentIndex: 1
BoneChildCount: 1
58
-1.000000 0.000002 -0.000000 0.000000
-0.000002 -0.990357 -0.138541 0.000000
-0.000000 -0.138541 0.990357 -0.000000
0.156585 -0.084068 -0.014670 1.000000
-1.000000 0.000000 0.000000 0.000000
-0.000000 -0.990357 -0.138541 0.000000
0.000000 -0.138541 0.990357 -0.000000
0.156585 0.920178 0.126731 1.000000
BoneName: mixamorig:LeftLeg
BoneIndex: 58
BoneParentIndex: 57
BoneChildCount: 1
59
1.000000 -0.000000 -0.000000 0.000000
0.000000 0.941253 0.337701 0.000000
-0.000000 -0.337701 0.941253 -0.000000
0.000000 0.370748 -0.000000 1.000000
-1.000000 0.000000 0.000000 0.000000
0.000000 -0.978962 0.204042 0.000000
0.000000 0.204042 0.978962 -0.000000
0.156585 0.559951 -0.066257 1.000000
BoneName: mixamorig:LeftFoot
BoneIndex: 59
BoneParentIndex: 58
BoneChildCount: 1
60
0.975419 0.068923 -0.209300 0.000000
-0.213585 0.529378 -0.821060 0.000000
0.054209 0.845582 0.531087 -0.000000
0.000000 0.381075 -0.000000 1.000000
-0.975419 0.213585 -0.054209 0.000000
-0.110179 -0.685772 -0.719428 0.000000
-0.190833 -0.695772 0.692448 -0.000000
0.178933 0.115650 0.124554 1.000000
BoneName: mixamorig:LeftToeBase
BoneIndex: 60
BoneParentIndex: 59
BoneChildCount: 1
61
0.993660 -0.059694 -0.095274 0.000000
-0.022369 0.725504 -0.687854 0.000000
0.110182 0.685624 0.719569 -0.000000
-0.000000 0.275000 0.000000 1.000000
-0.976820 0.214063 -0.000042 0.000000
-0.000002 -0.000204 -1.000000 0.000000
-0.214063 -0.976820 0.000200 -0.000000
0.175444 -0.205287 0.000086 1.000000
BoneName: mixamorig:LeftToe_End
BoneIndex: 61
BoneParentIndex: 60
BoneChildCount: 0
1.000000 0.000000 -0.000000 0.000000
0.000000 1.000000 -0.000000 0.000000
-0.000000 -0.000000 1.000000 -0.000000
-0.000000 0.180876 -0.000000 1.000000
-0.976820 0.214063 -0.000042 0.000000
-0.000002 -0.000204 -1.000000 0.000000
-0.214063 -0.976820 0.000200 -0.000000
0.175444 -0.386163 0.000086 1.000000
BoneName: mixamorig:RightUpLeg
BoneIndex: 62
BoneParentIndex: 1
BoneChildCount: 1
63
-1.000000 0.000002 -0.000000 0.000000
-0.000002 -0.990357 -0.138541 0.000000
-0.000000 -0.138541 0.990357 -0.000000
-0.156585 -0.084068 -0.014670 1.000000
-1.000000 0.000000 0.000000 0.000000
-0.000000 -0.990357 -0.138541 0.000000
0.000000 -0.138541 0.990357 -0.000000
-0.156585 0.920178 0.126731 1.000000
BoneName: mixamorig:RightLeg
BoneIndex: 63
BoneParentIndex: 62
BoneChildCount: 1
64
1.000000 -0.000000 -0.000000 0.000000
0.000000 0.941254 0.337701 0.000000
-0.000000 -0.337701 0.941254 -0.000000
0.000000 0.370747 0.000000 1.000000
-1.000000 0.000000 0.000000 0.000000
0.000000 -0.978962 0.204042 0.000000
0.000000 0.204042 0.978962 -0.000000
-0.156585 0.559951 -0.066257 1.000000
BoneName: mixamorig:RightFoot
BoneIndex: 64
BoneParentIndex: 63
BoneChildCount: 1
65
0.975419 -0.068922 0.209303 0.000000
0.213586 0.529378 -0.821061 0.000000
-0.054212 0.845582 0.531086 -0.000000
0.000000 0.381075 -0.000000 1.000000
-0.975419 -0.213586 0.054212 0.000000
0.110178 -0.685771 -0.719429 0.000000
0.190837 -0.695772 0.692447 -0.000000
-0.178932 0.115650 0.124555 1.000000
BoneName: mixamorig:RightToeBase
BoneIndex: 65
BoneParentIndex: 64
BoneChildCount: 1
66
0.993659 0.059697 0.095274 0.000000
0.022365 0.725509 -0.687850 0.000000
-0.110184 0.685619 0.719573 -0.000000
0.000000 0.275000 -0.000000 1.000000
-0.976820 -0.214063 0.000046 0.000000
-0.000002 -0.000210 -1.000000 0.000000
0.214063 -0.976820 0.000204 -0.000000
-0.175444 -0.205287 0.000088 1.000000
BoneName: mixamorig:RightToe_End
BoneIndex: 66
BoneParentIndex: 65
BoneChildCount: 0
1.000000 0.000000 -0.000000 0.000000
0.000000 1.000000 -0.000000 0.000000
-0.000000 -0.000000 1.000000 -0.000000
-0.000000 0.180880 -0.000000 1.000000
-0.976820 -0.214063 0.000046 0.000000
-0.000002 -0.000210 -1.000000 0.000000
0.214063 -0.976820 0.000204 -0.000000
-0.175444 -0.386167 0.000088 1.000000
BoneName: PumpkinHulk
BoneIndex: 67
BoneParentIndex: 0
BoneChildCount: 0
1.000000 0.000000 -0.000000 0.000000
0.000000 1.000000 -0.000000 0.000000
-0.000000 -0.000000 1.000000 -0.000000
0.000000 0.000000 -0.000000 1.000000
1.000000 0.000000 0.000000 0.000000
0.000000 1.000000 0.000000 0.000000
0.000000 0.000000 1.000000 0.000000
0.000000 0.000000 0.000000 1.000000
